0 FILE 42047 - main.ldr
0 main
0 Name: 42047 - main.ldr
0 Author: Philippe Hurbain [Philo]
0 !LDRAW_ORG Unofficial_Model
0 !LICENSE Redistributable under CCAL version 2.0 : see CAreadme.txt

0 !THEME Technic

0 Name: main.ldr
1 71 0 -115.692 -86.069 0 -1 0 0.995 0 -0.1 0.1 0 0.995 32271.dat
1 1 20 -117.682 -66.169 1 0 0 0 0.995 -0.1 0 0.1 0.995 6558.dat
1 1 0 -127.633 33.335 -1 0 0 0 -0.995 -0.1 0 -0.1 0.995 6558.dat
1 1 20 -112.906 46.867 1 0 0 0 0.995 -0.1 0 0.1 0.995 6558.dat
1 71 20 -98.18 60.4 1 0 0 0 0.736 -0.677 0 0.677 0.736 32073.dat
1 0 -20 -98.18 60.4 0 1 0 -0.677 0 0.736 0.736 0 0.677 32140.dat
0 STEP
1 71 20 -115.692 -86.069 1 0 0 0 0.995 -0.1 0 0.1 0.995 4519.dat
1 0 15 -113.702 -105.97 0 1 0 -0.995 0 -0.1 -0.1 0 0.995 41677.dat
1 0 25 -113.702 -105.97 0 1 0 -0.995 0 -0.1 -0.1 0 0.995 41677.dat
1 71 20 -113.702 -105.97 1 0 0 0 0.995 -0.1 0 0.1 0.995 32073.dat
1 71 40 -113.702 -105.97 0 -1 0 0.1 0 0.995 -0.995 0 0.1 60483.dat
1 71 0 -113.702 -105.97 0 -1 0 0.1 0 0.995 -0.995 0 0.1 60483.dat
1 0 50 -93.801 -103.98 -1 0 0 0 -0.1 0.995 0 0.995 0.1 2780.dat
1 0 -10 -93.801 -103.98 -1 0 0 0 -0.1 0.995 0 0.995 0.1 2780.dat
0 STEP
1 15 20 -149.524 -149.752 0 -1 0 0.995 0 -0.1 0.1 0 0.995 32526.dat
1 72 20 -67.532 115.724 1 0 0 0 0.677 0.736 0 -0.736 0.677 12799.dat
1 71 40 -115.692 -86.069 0 -1 0 0.995 0 -0.1 0.1 0 0.995 32271.dat
1 0 60 -98.18 60.4 0 1 0 -0.677 0 0.736 0.736 0 0.677 32140.dat
1 0 50 -127.633 33.335 -1 0 0 0 -0.1 0.995 0 0.995 0.1 2780.dat
0 STEP
1 15 20 -65.94 19.404 1 0 0 0 0.995 -0.1 0 0.1 0.995 42047 - chasis.ldr
0 STEP
1 0 50 -63.95 -0.496 -1 0 0 0 -0.1 0.995 0 0.995 0.1 2780.dat
1 0 50 -61.96 -20.397 -1 0 0 0 -0.1 0.995 0 0.995 0.1 2780.dat
1 0 50 -125.643 13.434 -1 0 0 0 -0.1 0.995 0 0.995 0.1 2780.dat
1 0 60 -145.543 11.444 0 -1 0 0.1 0 0.995 -0.995 0 0.1 32526.dat
1 0 60 -133.603 -107.96 0 1 0 -0.1 0 0.995 0.995 0 0.1 32526.dat
1 0 60 -55.99 -80.099 -1 0 0 0 -0.995 -0.1 0 -0.1 0.995 32054.dat
0 STEP
1 1 -20 -121.663 -26.367 -1 0 0 0 -0.995 -0.1 0 -0.1 0.995 6558.dat
1 0 -20 -141.563 -28.357 0 1 0 0.1 0 -0.995 -0.995 0 -0.1 32523.dat
1 1 -20 -161.464 -30.347 -1 0 0 0 -0.995 -0.1 0 -0.1 0.995 6558.dat
1 0 0 -161.464 -30.347 0 1 0 0.1 0 -0.995 -0.995 0 -0.1 15100.dat
1 15 20 -159.474 -50.248 0 0 -1 -0.995 -0.1 0 -0.1 0.995 0 32316.dat
1 0 40 -161.464 -30.347 0 1 0 0.1 0 -0.995 -0.995 0 -0.1 15100.dat
1 1 60 -161.464 -30.347 1 0 0 0 0.736 -0.677 0 0.677 0.736 6558.dat
0 STEP
1 0 60 -141.563 -28.357 0 1 0 0.1 0 -0.995 -0.995 0 -0.1 32523.dat
1 1 60 -121.663 -26.367 1 0 0 0 -0.995 0.1 0 -0.1 -0.995 6558.dat
1 1 20 -155.494 -90.05 1 0 0 0 0.995 -0.1 0 0.1 0.995 6558.dat
1 1 20 -151.514 -129.851 1 0 0 0 0.995 -0.1 0 0.1 0.995 6558.dat
1 15 0 -153.504 -109.95 0 -1 0 0.995 0 -0.1 0.1 0 0.995 32316.dat
1 0 -10 -157.484 -70.149 -1 0 0 0 -0.1 0.995 0 0.995 0.1 2780.dat
1 0 -10 -149.524 -149.752 -1 0 0 0 -0.1 0.995 0 0.995 0.1 2780.dat
1 15 -20 -157.484 -70.149 0 1 0 0.995 0 0.1 0.1 0 -0.995 32526.dat
0 STEP
1 15 40 -153.504 -109.95 0 -1 0 0.995 0 -0.1 0.1 0 0.995 32316.dat
1 0 50 -157.484 -70.149 -1 0 0 0 -0.1 0.995 0 0.995 0.1 2780.dat
1 0 50 -149.524 -149.752 -1 0 0 0 -0.1 0.995 0 0.995 0.1 2780.dat
1 15 60 -157.484 -70.149 0 1 0 0.995 0 0.1 0.1 0 -0.995 32526.dat
0 STEP
1 0 20 -85.841 -183.583 1 0 0 0 0.995 -0.1 0 0.1 0.995 3706.dat
1 71 0 -85.841 -183.583 0 0 1 0.1 0.995 0 -0.995 0.1 0 3713.dat
1 27 -15 -85.841 -183.583 0 -1 0 -0.1 0 -0.995 0.995 0 -0.1 32056.dat
1 15 -50 -85.841 -183.583 0 0 -1 0.995 0.1 0 0.1 -0.995 0 32015.dat
1 41 -50 -95.792 -184.578 0 0 -1 0.1 -0.995 0 -0.995 -0.1 0 6141.dat
1 71 40 -85.841 -183.583 0 0 -1 0.1 -0.995 0 -0.995 -0.1 0 3713.dat
1 27 55 -85.841 -183.583 0 -1 0 -0.1 0 -0.995 0.995 0 -0.1 32056.dat
1 15 90 -85.841 -183.583 0 0 1 -0.995 0.1 0 -0.1 -0.995 0 32015.dat
1 41 90 -95.792 -184.578 0 0 -1 0.1 -0.995 0 -0.995 -0.1 0 6141.dat
0 STEP
1 15 80 -129.623 -147.762 -1 0 0 0 -0.995 -0.1 0 -0.1 0.995 6536.dat
1 15 -40 -129.623 -147.762 -1 0 0 0 -0.995 -0.1 0 -0.1 0.995 6536.dat
1 71 -40 -148.529 -159.702 0 0 -1 0.1 -0.995 0 -0.995 -0.1 0 4274.dat
1 71 80 -148.529 -159.702 0 0 -1 0.1 -0.995 0 -0.995 -0.1 0 4274.dat
1 47 -40 -147.733 -167.663 0 0 -1 -0.995 -0.1 0 -0.1 0.995 0 98138.dat
1 47 80 -147.733 -167.663 0 0 -1 -0.995 -0.1 0 -0.1 0.995 0 98138.dat
0 STEP
1 0 60 -127.633 33.335 0 1 0 0.1 0 -0.995 -0.995 0 -0.1 32526.dat
1 0 60 -203.256 -14.427 1 0 0 0 0.995 -0.1 0 0.1 0.995 32054.dat
1 71 20 -203.256 -14.427 1 0 0 0 0.995 -0.1 0 0.1 0.995 4519.dat
1 0 -20 -203.256 -14.427 -1 0 0 0 0.995 0.1 0 0.1 -0.995 32054.dat
1 0 20 -203.256 -14.427 -1 0 0 0 -0.1 0.995 0 0.995 0.1 63869.dat
1 19 20 -195.295 6.469 0 1 0 0.995 0 0.1 0.1 0 -0.995 32002.dat
1 0 0 -190.32 6.967 0 0 1 0.1 0.995 0 -0.995 0.1 0 6632.dat
1 71 40 -205.246 5.474 0 -1 0 0.995 0 -0.1 0.1 0 0.995 4519.dat
1 71 0 -205.246 5.474 0 -1 0 0.995 0 -0.1 0.1 0 0.995 4519.dat
1 41 40 -225.146 3.484 0 0 -1 -0.1 0.995 0 0.995 0.1 0 41669.dat
1 36 0 -225.146 3.484 0 0 1 0.1 0.995 0 -0.995 0.1 0 41669.dat
1 0 -20 -127.633 33.335 0 1 0 0.1 0 -0.995 -0.995 0 -0.1 32526.dat
0 STEP
1 0 80 -107.732 35.325 0 -1 0 -0.995 0 0.1 -0.1 0 -0.995 32140.dat
1 1 80 -105.742 15.424 1 0 0 0 0.995 -0.1 0 0.1 0.995 6558.dat
1 0 90 -101.762 -24.377 -1 0 0 0 -0.1 0.995 0 0.995 0.1 2780.dat
1 15 100 -103.752 -4.476 0 1 0 0.995 0 0.1 0.1 0 -0.995 32523.dat
0 STEP
1 15 80 -176.191 -43.88 0 0 -1 -0.677 0.736 0 0.736 0.677 0 6536.dat
1 4 80 -182.957 -36.517 0 0 -1 -0.677 0.736 0 0.736 0.677 0 32062.dat
1 15 80 -203.256 -14.427 1 0 0 0 0.736 -0.677 0 0.677 0.736 32013.dat
1 15 -40 -176.191 -43.88 0 0 -1 -0.677 0.736 0 0.736 0.677 0 6536.dat
1 4 -40 -182.957 -36.517 0 0 -1 -0.677 0.736 0 0.736 0.677 0 32062.dat
1 15 -40 -203.256 -14.427 1 0 0 0 0.736 -0.677 0 0.677 0.736 32013.dat
0 STEP
1 0 70 -147.533 31.345 -1 0 0 0 -0.1 0.995 0 0.995 0.1 2780.dat
1 0 70 -145.543 11.444 -1 0 0 0 -0.1 0.995 0 0.995 0.1 2780.dat
1 0 70 -141.563 -28.357 -1 0 0 0 -0.1 0.995 0 0.995 0.1 2780.dat
1 15 80 -145.543 11.444 0 -1 0 0.995 0 -0.1 0.1 0 0.995 32278.dat
1 1 80 -133.603 -107.96 -1 0 0 0 0.995 0.1 0 0.1 -0.995 6558.dat
1 0 90 -135.593 -88.06 -1 0 0 0 -0.1 0.995 0 0.995 0.1 2780.dat
1 1 80 -157.484 130.849 1 0 0 0 -0.995 0.1 0 -0.1 -0.995 6558.dat
1 0 70 -159.474 150.749 -1 0 0 0 -0.1 0.995 0 0.995 0.1 2780.dat
1 15 60 -155.494 110.948 0 1 0 -0.995 0 -0.1 -0.1 0 0.995 32140.dat
1 1 60 -161.464 170.65 1 0 0 0 -0.995 0.1 0 -0.1 -0.995 6558.dat
1 72 60 -181.365 168.66 -1 0 0 0 -0.517 -0.856 0 -0.856 0.517 11214.dat
1 15 100 -139.573 -48.258 0 -1 0 -0.995 0 0.1 -0.1 0 -0.995 11947.dat
0 STEP
1 0 70 -187.335 27.365 -1 0 0 0 -0.1 0.995 0 0.995 0.1 2780.dat
1 0 80 -167.434 29.355 0 0 1 -0.1 -0.995 0 0.995 -0.1 0 6536.dat
1 4 80 -168.429 39.305 0 0 1 -0.1 -0.995 0 0.995 -0.1 0 32062.dat
1 15 80 -169.424 49.256 1 0 0 0 0.995 -0.1 0 0.1 0.995 11947.dat
1 1 70 -205.246 5.474 1 0 0 0 0.995 -0.1 0 0.1 0.995 43093.dat
1 0 70 -207.236 25.375 -1 0 0 0 -0.1 0.995 0 0.995 0.1 2780.dat
1 15 80 -221.166 164.68 0 -1 0 0.995 0 -0.1 0.1 0 0.995 32009.dat
0 STEP
1 0 90 -149.524 51.246 -1 0 0 0 -0.1 0.995 0 0.995 0.1 2780.dat
1 15 100 -149.524 51.246 1 0 0 0 -0.995 0.1 0 -0.1 -0.995 32015.dat
1 4 100 -152.509 81.097 0 0 -1 0.1 -0.995 0 -0.995 -0.1 0 32062.dat
1 15 100 -153.504 91.047 0 -1 0 0.995 0 -0.1 0.1 0 0.995 11946.dat
0 STEP
1 0 40 -161.464 170.65 0 1 0 0.995 0 0.1 0.1 0 -0.995 15100.dat
1 15 20 -141.563 172.64 0 0 1 0.1 0.995 0 -0.995 0.1 0 32316.dat
1 0 0 -161.464 170.65 0 1 0 0.995 0 0.1 0.1 0 -0.995 15100.dat
1 1 -20 -161.464 170.65 -1 0 0 0 0.995 0.1 0 0.1 -0.995 6558.dat
1 15 20 -181.365 168.66 0 0 -1 0.517 0.856 0 0.856 -0.517 0 18948.dat
1 72 -20 -181.365 168.66 1 0 0 0 0.856 0.517 0 -0.517 0.856 11214.dat
0 STEP
1 15 -60 -103.752 -4.476 0 1 0 0.995 0 0.1 0.1 0 -0.995 32523.dat
1 0 -50 -101.762 -24.377 -1 0 0 0 -0.1 0.995 0 0.995 0.1 2780.dat
1 1 -40 -105.742 15.424 -1 0 0 0 0.995 0.1 0 0.1 -0.995 6558.dat
1 0 -40 -107.732 35.325 0 -1 0 -0.995 0 0.1 -0.1 0 -0.995 32140.dat
0 STEP
1 15 -40 -145.543 11.444 0 -1 0 0.995 0 -0.1 0.1 0 0.995 32278.dat
1 0 -30 -147.533 31.345 -1 0 0 0 -0.1 0.995 0 0.995 0.1 2780.dat
1 0 -30 -145.543 11.444 -1 0 0 0 -0.1 0.995 0 0.995 0.1 2780.dat
1 0 -30 -141.563 -28.357 -1 0 0 0 -0.1 0.995 0 0.995 0.1 2780.dat
1 1 -40 -133.603 -107.96 1 0 0 0 -0.995 0.1 0 -0.1 -0.995 6558.dat
1 0 -50 -135.593 -88.06 1 0 0 0 -0.1 -0.995 0 0.995 -0.1 2780.dat
1 1 -40 -157.484 130.849 -1 0 0 0 0.995 0.1 0 0.1 -0.995 6558.dat
1 0 -30 -159.474 150.749 -1 0 0 0 -0.1 0.995 0 0.995 0.1 2780.dat
1 15 -20 -155.494 110.948 0 1 0 -0.995 0 -0.1 -0.1 0 0.995 32140.dat
1 15 -60 -139.573 -48.258 0 1 0 0.995 0 0.1 0.1 0 -0.995 11946.dat
0 STEP
1 0 -40 -167.434 29.355 0 0 1 -0.1 -0.995 0 0.995 -0.1 0 6536.dat
1 0 -30 -187.335 27.365 -1 0 0 0 -0.1 0.995 0 0.995 0.1 2780.dat
1 4 -40 -168.429 39.305 0 0 1 -0.1 -0.995 0 0.995 -0.1 0 32062.dat
1 15 -40 -169.424 49.256 1 0 0 0 0.995 -0.1 0 0.1 0.995 11946.dat
1 72 60 -217.186 124.878 -1 0 0 0 -0.995 -0.1 0 -0.1 0.995 11214.dat
1 72 60 -209.226 45.275 -1 0 0 0 -0.995 -0.1 0 -0.1 0.995 11214.dat
1 0 60 -237.087 122.888 0 0 -1 -0.1 0.995 0 0.995 0.1 0 6536.dat
1 0 60 -229.127 43.285 0 0 -1 -0.1 0.995 0 0.995 0.1 0 6536.dat
1 0 60 -233.107 83.087 0 0 -1 -0.1 0.995 0 0.995 0.1 0 3706.dat
1 15 20 -217.186 124.878 0 0 -1 -0.1 0.995 0 0.995 0.1 0 18948.dat
1 15 20 -209.226 45.275 0 0 -1 -0.1 0.995 0 0.995 0.1 0 18948.dat
1 71 -20 -209.226 45.275 -1 0 0 0 -0.995 -0.1 0 -0.1 0.995 4519.dat
1 71 -20 -217.186 124.878 -1 0 0 0 -0.995 -0.1 0 -0.1 0.995 4519.dat
0 STEP
1 0 -20 -229.127 43.285 0 0 -1 -0.1 0.995 0 0.995 0.1 0 6536.dat
1 0 -20 -233.107 83.087 0 0 -1 -0.1 0.995 0 0.995 0.1 0 3706.dat
1 0 -20 -237.087 122.888 0 0 -1 -0.1 0.995 0 0.995 0.1 0 6536.dat
1 1 -30 -205.246 5.474 -1 0 0 0 -0.995 -0.1 0 -0.1 0.995 43093.dat
1 0 -30 -207.236 25.375 -1 0 0 0 -0.1 0.995 0 0.995 0.1 2780.dat
1 15 -40 -221.166 164.68 0 -1 0 0.995 0 -0.1 0.1 0 0.995 32009.dat
0 STEP
1 0 -50 -149.524 51.246 -1 0 0 0 -0.1 0.995 0 0.995 0.1 2780.dat
1 15 -60 -149.524 51.246 1 0 0 0 -0.995 0.1 0 -0.1 -0.995 32015.dat
1 4 -60 -152.509 81.097 0 0 -1 0.1 -0.995 0 -0.995 -0.1 0 32062.dat
1 15 -60 -153.504 91.047 0 1 0 -0.995 0 -0.1 -0.1 0 0.995 11947.dat
0 STEP
1 0 20 -54 -100 1 0 0 0 0.995 -0.1 0 0.1 0.995 3708.dat
1 0 20 -54 100.998 1 0 0 0 0.736 -0.677 0 0.677 0.736 3708.dat
1 71 80 -54 100.998 0 0 -1 -0.677 0.736 0 0.736 0.677 0 3713.dat
1 71 80 -54 -100 0 0 -1 -0.1 0.995 0 0.995 0.1 0 3713.dat
1 71 -40 -54 100.998 0 0 1 -0.677 -0.736 0 0.736 -0.677 0 3713.dat
1 71 -40 -54 -100 0 0 1 -0.1 -0.995 0 0.995 -0.1 0 3713.dat
0 STEP
1 27 110 -54 100.998 0 0 1 0.736 -0.677 0 0.677 0.736 0 56145.dat
1 256 110 -54 100.998 0 0 1 0.736 -0.677 0 0.677 0.736 0 44309.dat
1 27 110 -54 -100 0 0 1 0.995 -0.1 0 0.1 0.995 0 56145.dat
1 256 110 -54 -100 0 0 1 0.995 -0.1 0 0.1 0.995 0 44309.dat
1 27 -70 -54 100.998 0 0 -1 -0.677 0.736 0 0.736 0.677 0 56145.dat
1 256 -70 -54 100.998 0 0 -1 -0.677 0.736 0 0.736 0.677 0 44309.dat
1 27 -70 -54 -100 0 0 -1 -0.995 -0.1 0 -0.1 0.995 0 56145.dat
1 256 -70 -54 -100 0 0 -1 -0.995 -0.1 0 -0.1 0.995 0 44309.dat
1 256 -80 -54 100.998 0 -1 0 -0.736 0 0.677 -0.677 0 -0.736 2723.dat
1 256 -80 -54 -100 0 -1 0 -0.995 0 0.1 -0.1 0 -0.995 2723.dat
1 256 130 -54 100.998 0 -1 0 -0.736 0 0.677 -0.677 0 -0.736 2723.dat
1 256 130 -54 -100 0 -1 0 -0.995 0 0.1 -0.1 0 -0.995 2723.dat

0 FILE 42047 - chasis.ldr
0 chasis
0 Author: Philippe Hurbain [Philo]
0 Name: 42047 - chasis.ldr
0 !LDRAW_ORG Unofficial_Model
0 !LICENSE Redistributable under CCAL version 2.0 : see CAreadme.txt
0 !THEME Technic
1 71 0 0 0 1 0 0 0 1 0 0 0 1 32073.dat
1 71 0 0 0 0 0 1 0 1 0 -1 0 0 3713.dat
1 0 -20 0 -160 0 -1 0 -1 0 0 0 0 -1 32009.dat
1 0 -30 0 -20 -1 0 0 0 1 0 0 0 -1 2780.dat
1 0 -30 0 -40 -1 0 0 0 1 0 0 0 -1 2780.dat
1 0 -20 0 -80 -1 0 0 0 1 0 0 0 -1 32054.dat
1 72 20 0 -80 -1 0 0 0 1 0 0 0 -1 11214.dat
0 STEP
1 0 -40 -80 0 0 -1 0 0 0 1 -1 0 0 32526.dat
1 0 -40 -80 -120 0 1 0 0 0 1 1 0 0 32526.dat
1 0 -30 -60 0 -1 0 0 0 1 0 0 0 -1 2780.dat
1 14 0 -80 -160 -1 0 0 0 1 0 0 0 -1 44294.dat
1 0 -5 -40 -160 0 -1 0 -1 0 0 0 0 -1 32056.dat
1 0 5 -40 -160 0 -1 0 -1 0 0 0 0 -1 32056.dat
1 1 -20 -60 -160 -1 0 0 0 1 0 0 0 -1 6558.dat
1 71 0 -40 -160 -1 0 0 0 1 0 0 0 -1 32073.dat
1 0 -40 0 -100 1 0 0 0 -1 0 0 0 -1 32054.dat
0 STEP
1 0 20 0 -160 0 -1 0 -1 0 0 0 0 -1 32009.dat
1 0 30 -60 -160 -1 0 0 0 1 0 0 0 -1 2780.dat

